001400148979050701
002600025917050701
003100350405050701
001400285938100401
000700286513100301
000900285140100201
002000216881050701
001500042575100401
004600397271050701
006200274600100401
005600399813050701
000400281536100402
000200013498050701
001800172698050701
003000399741100201
000500281724100402
005200344366050701
000200176512050701
004500283037100301
005600397345050701
001300248287100401
001100351144050701
005400397389050701
000900002598050701
000500219441050702
001500027983050701
040700393537050701
001600133867050501
952400284645100202
952400349505050501
002500396696100201
002900198149050501
001600006459050701
001800285387100201
005800350342050701
000500399690050501
002400011413050501
002300015766050702
002300015125050501
BULELE1003500200
003800215816050503
000800218185050501
NULELE1104906400
003500283328050501
000700283291050502
952400285579050501
952400345671050501
952400349525050501
952400346609050501
001900133976050501
002900005151050701
006200399922050701
952400392680050502
000300316221050702
002300008806050501
003800216972050501
003800218538050501
952400282123100201
952400283818100201
952400285334100201
952400345757050701
001700131309050502
002300218055050701
002600041092050701
000800208195050701
001800349175050701
002300214407050702
003900283338050701
005400380478100702
005200349260050701
005800090521050702
002900043410050701
002900216373050701
KGLELE1104921900
004500213057050701
005600026854050701
002200391677050702
952400284390050701
000300397190050701
004400216613050701
004300399615050701
003800094054050501
002000006941050501
040700292339050701
040700349720050701
000600346385050702
MALELE1104938200
005200345066050701
003300285535100101
001500340818050701
005900019021050701
001700218026100201
005300282354100201
002200350304050701
001500350024050701
001500395657050701
002400011586050701
000600209006100201
000600212176050501
004500347783050701
004100284896100401
004800212167100401
000500005853100101
005900282633100401
004700274933100202
004500219069100101
003800217502100301
002200231387050701
002600131940100101
004600362686050702
006100101635100201
004500280896100202
040100343563050702
005000400097050701
001500216541100201
004500218323100201
001400283429100201
005500399131100401
001700199372100401
004500400667050701
002900285154100401
001500350024050702
952400345654050701
001600283215100201
000600347859050701
004400344497050701
040800318917050701
001600135181100301
952400031027050701
004000284274100201
006900397981100401
003000377447050701
004700285506050701
003100045480050702
003100350054050701
004000399192100401
000600016952100401
003200283265100201
002400322213100401
001500346173050701
000500200678100102
